      --0--
P(1) | 12 | 
P(2) | 10 | 
      --0----1--
P(1) | 12 |  5 | 
P(2) | 10 |  1 | 
      --0----1----2--
P(1) | 12 |  5 |  3 | 
P(2) | 10 |  1 |  4 | 
      --0----1----2----3--
P(1) | 12 |  5 |  3 |  2 | 
P(2) | 10 |  1 |  4 |  4 | 
      --0----1----2----3----4--
P(1) | 12 |  5 |  3 |  2 |  2 | 
P(2) | 10 |  1 |  4 |  4 | 11 | 
      --0----1----2----3----4----5--
P(1) | 12 |  5 |  3 |  2 |  2 |  2 | 
P(2) | 10 |  1 |  4 |  4 | 11 | 11 | 
      --0----1----2----3----4----5----6--
P(1) | 12 |  5 |  3 |  2 |  2 |  2 |  6 | 
P(2) | 10 |  1 |  4 |  4 | 11 | 11 | 11 | 
      --0----1----2----3----4----5----6----7--
P(1) | 12 |  5 |  3 |  2 |  2 |  2 |  6 |  6 | 
P(2) | 10 |  1 |  4 |  4 | 11 | 11 | 11 |  9 | 
      --0----1----2----3----4----5----6----7----8--
P(1) | 12 |  5 |  3 |  2 |  2 |  2 |  6 |  6 |  6 | 
P(2) | 10 |  1 |  4 |  4 | 11 | 11 | 11 |  9 |  9 | 
      --0----1----2----3----4----5----6----7----8----9--
P(1) | 12 |  5 |  3 |  2 |  2 |  2 |  6 |  6 |  6 |  0 | 
P(2) | 10 |  1 |  4 |  4 | 11 | 11 | 11 |  9 |  9 |  9 | 
      --0----1----2----3----4----5----6----7----8----9---10-
P(1) | 12 |  5 |  3 |  2 |  2 |  2 |  6 |  6 |  6 |  0 |  8 | 
P(2) | 10 |  1 |  4 |  4 | 11 | 11 | 11 |  9 |  9 |  9 |  0 | 
      --0----1----2----3----4----5----6----7----8----9---10---11--
P(1) | 12 |  5 |  3 |  2 |  2 |  2 |  6 |  6 |  6 |  0 |  8 |  8 | 
P(2) | 10 |  1 |  4 |  4 | 11 | 11 | 11 |  9 |  9 |  9 |  0 |  0 | 
      --0----1----2----3----4----5----6----7----8----9---10---11----12--
P(1) | 12 |  5 |  3 |  2 |  2 |  2 |  6 |  6 |  6 |  0 |  8 |  8 |  7 | 
P(2) | 10 |  1 |  4 |  4 | 11 | 11 | 11 |  9 |  9 |  9 |  0 |  0 |  0 | 
      --0--
P(1) | 12 | 
P(2) | 10 | 
P(3) |  5 | 
      --0----1--
P(1) | 12 |  1 | 
P(2) | 10 | 11 | 
P(3) |  5 |  9 | 
      --0----1----2--
P(1) | 12 |  1 |  3 | 
P(2) | 10 | 11 | 11 | 
P(3) |  5 |  9 |  9 | 
      --0----1----2----3--
P(1) | 12 |  1 |  3 |  4 | 
P(2) | 10 | 11 | 11 | 11 | 
P(3) |  5 |  9 |  9 |  9 | 
      --0----1----2----3----4--
P(1) | 12 |  1 |  3 |  4 |  4 | 
P(2) | 10 | 11 | 11 | 11 |  8 | 
P(3) |  5 |  9 |  9 |  9 |  2 | 
      --0----1----2----3----4----5--
P(1) | 12 |  1 |  3 |  4 |  4 |  0 | 
P(2) | 10 | 11 | 11 | 11 |  8 |  8 | 
P(3) |  5 |  9 |  9 |  9 |  2 |  2 | 
      --0----1----2----3----4----5----6--
P(1) | 12 |  1 |  3 |  4 |  4 |  0 |  0 | 
P(2) | 10 | 11 | 11 | 11 |  8 |  8 |  0 | 
P(3) |  5 |  9 |  9 |  9 |  2 |  2 |  2 | 
      --0----1----2----3----4----5----6----7--
P(1) | 12 |  1 |  3 |  4 |  4 |  0 |  0 |  7 | 
P(2) | 10 | 11 | 11 | 11 |  8 |  8 |  0 |  6 | 
P(3) |  5 |  9 |  9 |  9 |  2 |  2 |  2 |  0 | 
      --0----1----2----3----4----5----6----7----8--
P(1) | 12 |  1 |  3 |  4 |  4 |  0 |  0 |  7 |  0 | 
P(2) | 10 | 11 | 11 | 11 |  8 |  8 |  0 |  6 |  6 | 
P(3) |  5 |  9 |  9 |  9 |  2 |  2 |  2 |  0 |  0 | 
      --0----1----2----3----4----5----6----7----8----9--
P(1) | 12 |  1 |  3 |  4 |  4 |  0 |  0 |  7 |  0 |  0 | 
P(2) | 10 | 11 | 11 | 11 |  8 |  8 |  0 |  6 |  6 |  6 | 
P(3) |  5 |  9 |  9 |  9 |  2 |  2 |  2 |  0 |  0 |  0 | 
      --0--
P(1) | 12 | 
P(2) | 10 | 
P(3) |  5 | 
P(4) |  1 | 
P(5) | 11 | 
P(6) |  9 | 
P(7) |  0 | 
P(8) |  0 | 
P(9) |  0 | 
P(10)|  0 | 
P(11)|  0 | 
P(12)|  0 | 
      --0----1--
P(1) | 12 |  3 | 
P(2) | 10 |  4 | 
P(3) |  5 |  2 | 
P(4) |  1 |  0 | 
P(5) | 11 | 11 | 
P(6) |  9 |  9 | 
P(7) |  0 |  0 | 
P(8) |  0 |  0 | 
P(9) |  0 |  0 | 
P(10)|  0 |  0 | 
P(11)|  0 |  0 | 
P(12)|  0 |  0 | 
      --0----1----2--
P(1) | 12 |  3 |  0 | 
P(2) | 10 |  4 |  4 | 
P(3) |  5 |  2 |  2 | 
P(4) |  1 |  0 |  0 | 
P(5) | 11 | 11 | 11 | 
P(6) |  9 |  9 |  9 | 
P(7) |  0 |  0 |  0 | 
P(8) |  0 |  0 |  0 | 
P(9) |  0 |  0 |  0 | 
P(10)|  0 |  0 |  0 | 
P(11)|  0 |  0 |  0 | 
P(12)|  0 |  0 |  0 | 
      --0----1----2----3--
P(1) | 12 |  3 |  0 |  8 | 
P(2) | 10 |  4 |  4 |  0 | 
P(3) |  5 |  2 |  2 |  2 | 
P(4) |  1 |  0 |  0 |  0 | 
P(5) | 11 | 11 | 11 |  0 | 
P(6) |  9 |  9 |  9 |  0 | 
P(7) |  0 |  0 |  0 |  0 | 
P(8) |  0 |  0 |  0 |  0 | 
P(9) |  0 |  0 |  0 |  0 | 
P(10)|  0 |  0 |  0 |  0 | 
P(11)|  0 |  0 |  0 |  0 | 
P(12)|  0 |  0 |  0 |  0 | 
      --0----1----2----3----4--
P(1) | 12 |  3 |  0 |  8 |  8 | 
P(2) | 10 |  4 |  4 |  0 |  6 | 
P(3) |  5 |  2 |  2 |  2 |  0 | 
P(4) |  1 |  0 |  0 |  0 |  0 | 
P(5) | 11 | 11 | 11 |  0 |  0 | 
P(6) |  9 |  9 |  9 |  0 |  0 | 
P(7) |  0 |  0 |  0 |  0 |  0 | 
P(8) |  0 |  0 |  0 |  0 |  0 | 
P(9) |  0 |  0 |  0 |  0 |  0 | 
P(10)|  0 |  0 |  0 |  0 |  0 | 
P(11)|  0 |  0 |  0 |  0 |  0 | 
P(12)|  0 |  0 |  0 |  0 |  0 | 
      --0----1----2----3----4----5--
P(1) | 12 |  3 |  0 |  8 |  8 |  7 | 
P(2) | 10 |  4 |  4 |  0 |  6 |  6 | 
P(3) |  5 |  2 |  2 |  2 |  0 |  0 | 
P(4) |  1 |  0 |  0 |  0 |  0 |  0 | 
P(5) | 11 | 11 | 11 |  0 |  0 |  0 | 
P(6) |  9 |  9 |  9 |  0 |  0 |  0 | 
P(7) |  0 |  0 |  0 |  0 |  0 |  0 | 
P(8) |  0 |  0 |  0 |  0 |  0 |  0 | 
P(9) |  0 |  0 |  0 |  0 |  0 |  0 | 
P(10)|  0 |  0 |  0 |  0 |  0 |  0 | 
P(11)|  0 |  0 |  0 |  0 |  0 |  0 | 
P(12)|  0 |  0 |  0 |  0 |  0 |  0 | 
      --0----1----2----3----4----5----6--
P(1) | 12 |  3 |  0 |  8 |  8 |  7 |  0 | 
P(2) | 10 |  4 |  4 |  0 |  6 |  6 |  6 | 
P(3) |  5 |  2 |  2 |  2 |  0 |  0 |  0 | 
P(4) |  1 |  0 |  0 |  0 |  0 |  0 |  0 | 
P(5) | 11 | 11 | 11 |  0 |  0 |  0 |  0 | 
P(6) |  9 |  9 |  9 |  0 |  0 |  0 |  0 | 
P(7) |  0 |  0 |  0 |  0 |  0 |  0 |  0 | 
P(8) |  0 |  0 |  0 |  0 |  0 |  0 |  0 | 
P(9) |  0 |  0 |  0 |  0 |  0 |  0 |  0 | 
P(10)|  0 |  0 |  0 |  0 |  0 |  0 |  0 | 
P(11)|  0 |  0 |  0 |  0 |  0 |  0 |  0 | 
P(12)|  0 |  0 |  0 |  0 |  0 |  0 |  0 | 
      --0--
P(1) |  1 | 
P(2) |  0 | 
P(3) |  0 | 
      --0----1--
P(1) |  1 |  2 | 
P(2) |  0 |  0 | 
P(3) |  0 |  0 | 
