      --0--
P(1) | 12 | 
P(2) | 10 | 
      --0----1--
P(1) | 12 |  5 | 
P(2) | 10 |  1 | 
      --0----1----2--
P(1) | 12 |  5 |  3 | 
P(2) | 10 |  1 |  4 | 
      --0----1----2----3--
P(1) | 12 |  5 |  3 |  2 | 
P(2) | 10 |  1 |  4 |  4 | 
      --0----1----2----3----4--
P(1) | 12 |  5 |  3 |  2 |  2 | 
P(2) | 10 |  1 |  4 |  4 | 11 | 
      --0----1----2----3----4----5--
P(1) | 12 |  5 |  3 |  2 |  2 |  2 | 
P(2) | 10 |  1 |  4 |  4 | 11 | 11 | 
      --0----1----2----3----4----5----6--
P(1) | 12 |  5 |  3 |  2 |  2 |  2 |  6 | 
P(2) | 10 |  1 |  4 |  4 | 11 | 11 | 11 | 
      --0----1----2----3----4----5----6----7--
P(1) | 12 |  5 |  3 |  2 |  2 |  2 |  6 |  6 | 
P(2) | 10 |  1 |  4 |  4 | 11 | 11 | 11 |  9 | 
      --0----1----2----3----4----5----6----7----8--
P(1) | 12 |  5 |  3 |  2 |  2 |  2 |  6 |  6 |  6 | 
P(2) | 10 |  1 |  4 |  4 | 11 | 11 | 11 |  9 |  9 | 
      --0----1----2----3----4----5----6----7----8----9--
P(1) | 12 |  5 |  3 |  2 |  2 |  2 |  6 |  6 |  6 |  0 | 
P(2) | 10 |  1 |  4 |  4 | 11 | 11 | 11 |  9 |  9 |  9 | 
      --0----1----2----3----4----5----6----7----8----9---10-
P(1) | 12 |  5 |  3 |  2 |  2 |  2 |  6 |  6 |  6 |  0 |  8 | 
P(2) | 10 |  1 |  4 |  4 | 11 | 11 | 11 |  9 |  9 |  9 |  0 | 
      --0----1----2----3----4----5----6----7----8----9---10---11--
P(1) | 12 |  5 |  3 |  2 |  2 |  2 |  6 |  6 |  6 |  0 |  8 |  8 | 
P(2) | 10 |  1 |  4 |  4 | 11 | 11 | 11 |  9 |  9 |  9 |  0 |  0 | 
      --0----1----2----3----4----5----6----7----8----9---10---11----12--
P(1) | 12 |  5 |  3 |  2 |  2 |  2 |  6 |  6 |  6 |  0 |  8 |  8 |  7 | 
P(2) | 10 |  1 |  4 |  4 | 11 | 11 | 11 |  9 |  9 |  9 |  0 |  0 |  0 | 
