      --0--
P(1) | 12 | 
P(2) | 10 | 
P(3) |  5 | 
      --0----1--
P(1) | 12 |  1 | 
P(2) | 10 | 11 | 
P(3) |  5 |  9 | 
      --0----1----2--
P(1) | 12 |  1 |  3 | 
P(2) | 10 | 11 | 11 | 
P(3) |  5 |  9 |  9 | 
      --0----1----2----3--
P(1) | 12 |  1 |  3 |  4 | 
P(2) | 10 | 11 | 11 | 11 | 
P(3) |  5 |  9 |  9 |  9 | 
      --0----1----2----3----4--
P(1) | 12 |  1 |  3 |  4 |  4 | 
P(2) | 10 | 11 | 11 | 11 |  8 | 
P(3) |  5 |  9 |  9 |  9 |  2 | 
      --0----1----2----3----4----5--
P(1) | 12 |  1 |  3 |  4 |  4 |  0 | 
P(2) | 10 | 11 | 11 | 11 |  8 |  8 | 
P(3) |  5 |  9 |  9 |  9 |  2 |  2 | 
      --0----1----2----3----4----5----6--
P(1) | 12 |  1 |  3 |  4 |  4 |  0 |  0 | 
P(2) | 10 | 11 | 11 | 11 |  8 |  8 |  0 | 
P(3) |  5 |  9 |  9 |  9 |  2 |  2 |  2 | 
      --0----1----2----3----4----5----6----7--
P(1) | 12 |  1 |  3 |  4 |  4 |  0 |  0 |  7 | 
P(2) | 10 | 11 | 11 | 11 |  8 |  8 |  0 |  6 | 
P(3) |  5 |  9 |  9 |  9 |  2 |  2 |  2 |  0 | 
      --0----1----2----3----4----5----6----7----8--
P(1) | 12 |  1 |  3 |  4 |  4 |  0 |  0 |  7 |  0 | 
P(2) | 10 | 11 | 11 | 11 |  8 |  8 |  0 |  6 |  6 | 
P(3) |  5 |  9 |  9 |  9 |  2 |  2 |  2 |  0 |  0 | 
      --0----1----2----3----4----5----6----7----8----9--
P(1) | 12 |  1 |  3 |  4 |  4 |  0 |  0 |  7 |  0 |  0 | 
P(2) | 10 | 11 | 11 | 11 |  8 |  8 |  0 |  6 |  6 |  6 | 
P(3) |  5 |  9 |  9 |  9 |  2 |  2 |  2 |  0 |  0 |  0 | 
